rs = 0.531;
Lleak = 2.52e-3;
Lm = 84.7e-3;
rr = 0.408;
J = 1.1;
TL = 20.5;
h = 0.5;
Cfilt = 1e-6;
Lfilt = 10e-6;
STime = 1e-5;